vmstat 命令可以监控硬件的运行

[root@centosx ~]# vmstat 1 100     ---------  表示每一秒 执行1 次 共执行 100次
procs -----------memory---------- ---swap-- -----io---- -system-- ------cpu-----
 r  b   swpd   free   buff  cache   si   so    bi    bo   in   cs us sy id wa st
 2  0 164336  65228      0 161788    1    7   172    26   75  136  1  1 99  0  0
 0  0 164336  65228      0 161788    0    0     0     0   88  153  0  0 100  0  0
 0  0 164336  65228      0 161788    0    0     0     0   65  121  0  1 99  0  0
 1  0 164336  65104      0 161788    0    0     0     4   95  156  1  1 98  0  0
 0  0 164336  65104      0 161788    0    0     0     0   78  140  0  0 100  0  0
 0  0 164336  65104      0 161788    0    0     0     0   79  140  0  1 99  0  0
 0  0 164336  65104      0 161788    0    0     0     0   88  138  1  0 99  0  0
 1  0 164336  65104      0 161788    0    0     0     0   79  138  0  1 99  0  0
 0  0 164336  65104      0 161788    0    0     0     0   70  125  1  1 98  0  0
 0  0 164336  65104      0 161788    0    0     0     0   76  143  0  0 100  0  0
 0  0 164336  65104      0 161788    0    0     0     0   79  135  0  1 99  0  0
 0  0 164336  65104      0 161788    0    0     0     0   86  145  0  0 100  0  0
 0  0 164336  65104      0 161788    0    0     0     0   83  136  0  1 99  0  
